6.511061865685772165e-01 8.997074632232388014e-01 -2.750281293318619369e-01 1.633558869998884833e-01 1.023245839829611592e+00 -2.427528343903732344e-01 5.480383057293098936e-01 -3.325964162068876795e-01 -1.288650484434709753e+00 -3.723287281328652165e-01
2.025913561828707465e-01 1.674366851829735825e-01 -5.597293814779005228e-01 1.777358369023611662e-01 2.947717460457959654e-02 3.074438650448650945e-01 1.158416268877539679e+00 -6.844815939830788398e-01 -1.332585874152823147e+00 -2.582982607402555253e-01
-4.616818026622290239e-01 -7.848440815877483212e-01 1.288873642240204287e+00 1.361080281961548399e+00 -6.730396604892827095e-02 -9.118016361525218549e-01 -4.899574338839747800e-01 1.171326210534034518e+00 -9.352297114176463810e-02 1.223931908846575212e+00
6.419635024883753038e-01 -3.653587171024429980e-01 7.913852965055980793e-01 -1.724448132744886619e+00 4.145823401652207196e-01 -1.717428748591377285e+00 1.188283565572229694e+00 5.566310022185608775e-01 -2.870837163275058099e-02 1.204733393066642205e-01
4.989422773047360801e-03 5.111759646607381136e-01 -2.208993783281436307e-01 2.366337464680945968e-01 1.007036060122367821e-01 1.855551364363636990e+00 2.911474388533373259e-01 -8.603183173191855104e-01 -1.083227431358073867e+00 8.909616835053774109e-01
4.553361894686936417e-01 -1.509949945713746189e+00 -8.356838389308098858e-01 -1.180124335372984223e+00 1.924831208492560286e+00 -1.004896849630061428e+00 8.908402617862326567e-01 -4.391603627376993169e-01 4.048311691399530399e-01 -7.564736658398255598e-01
-1.088848752086221561e+00 -6.899657700754129319e-01 2.428469552483168009e-02 7.122631197407256476e-01 1.208662654656199820e+00 1.106285161341060974e-01 -1.736026937781118384e+00 7.816647414805695249e-01 2.186351831329654272e-01 1.046993349701365705e+00
-1.546801113283902795e+00 -1.073008390998446027e+00 -7.545071164225426452e-01 -3.322103353979120044e-01 -3.936175578895856897e-01 -3.158395870428338248e-01 9.352707323227132941e-01 -2.247956285763909878e-01 6.467882152240337357e-01 2.280172939509438335e-01
-9.530617873168503174e-01 8.673549375061140321e-01 -5.965739117630994293e-02 -2.278853288735932792e-01 -6.294062564052316233e-01 2.331667822053686001e-01 -1.508696917332902343e-01 -2.137075512872979588e-01 -1.407086909008670617e+00 -1.924018813425791841e+00
-4.980148988412065325e-01 -5.559837535646398043e-01 -4.854626076529992562e-01 5.760227309330501200e-01 1.593174535221935639e-01 1.239392599082069557e+00 -9.660479769622023483e-01 -1.848336056770182978e+00 -7.416604859839790453e-01 7.172828167798667165e-01
3.005735942863364124e-02 -5.061627564271783397e-01 9.546128311285670964e-01 -2.587195819891511483e+00 -4.740434394976482668e-01 1.286082063205416515e-01 2.065021024808182393e+00 -1.121684234573361971e+00 -7.846598386741946429e-01 8.131531350682557058e-01
-2.634866321408135259e-01 -7.719900215946817745e-01 5.790651784168812100e-01 1.562667057379352187e+00 -2.949971638715986333e-01 -1.052983941746848728e+00 1.818567589165571929e+00 -1.176954146122915823e+00 1.356206214171448154e+00 -8.864279725080793648e-01
-4.719925684626561924e-01 1.425200217070966002e-01 7.581044100602607472e-01 -9.444481884689200912e-01 -4.559781711459130471e-01 1.670856224169950388e-02 -9.641018741516028667e-01 1.764362618244437853e+00 -1.590281553138865434e+00 6.004074499812634552e-02
-1.000588266724890651e+00 -9.722534090165213527e-03 7.919272911508694612e-01 -1.551596425762224174e-01 1.558858064757491224e+00 -6.603911721103705723e-01 -8.925895511792429626e-02 2.702955135824969268e-01 -7.901168816978593190e-02 1.233302587309722753e+00
4.555323914359717952e-01 -2.206990464361193449e-01 7.140516118109320187e-01 -1.083602728905737500e+00 6.837200638930185370e-01 4.349286890706520747e-01 -4.041046086876577403e-01 8.863362278992736876e-01 6.635373135016586765e-01 2.129518522547417358e+00
1.317399235106004429e+00 -4.629540667024273359e-01 3.111849595496583021e-01 -4.182789876948051488e-01 -1.128254336364015398e+00 1.551303776390192124e-01 -3.168791026759084084e-01 6.123852309288595475e-01 -2.407422470489942512e+00 -1.095789506369274413e+00
-1.736528772972405932e+00 5.525984904646195905e-02 -6.094025139982328643e-01 1.847119310539147019e+00 -7.981504465064865883e-01 -5.951558950210471544e-01 -6.783843097219632856e-01 -1.288530777374010894e+00 1.615397012996104831e+00 -3.727076350405331140e-01
-1.239376121811078812e+00 -1.225892278042014505e+00 -4.002453586700236432e-01 -7.534808763025947487e-01 5.388948313148146374e-01 -1.334747361699915924e+00 5.585907242429739572e-01 -1.425330043037089656e+00 2.665916895929949515e-01 6.700867338510110294e-01
1.651028402227148417e+00 -1.826371957180762839e+00 1.417266357997602588e+00 -7.766033112506064151e-02 -3.182353991915059382e-02 4.972040109649173423e-01 -9.133337857749130873e-01 5.015736710810825283e-01 4.779271412408225839e-01 9.376469638520043559e-02
6.465181145161708054e-01 7.022598885242258282e-01 -3.366254499779581244e-01 -8.230970378447685087e-01 4.567722045720432056e-02 4.634158369040979886e-01 2.358796054896658279e-01 7.671668779225647716e-01 -1.011840723138272669e+00 1.063909015944738634e+00
7.148147616077603628e-01 -4.805599894801755867e-01 -7.354777121853005584e-01 -6.464434732692127261e-02 -2.535518412666547539e-01 6.281781463676849864e-01 7.699098246886060259e-01 -2.430858028375728896e-01 -9.872430129609555127e-02 2.154886091212228905e-01
-5.632923291691296908e-02 -1.465666687990137662e+00 7.354011130120622318e-03 -2.096543162629185917e-03 -9.497403097214844880e-01 1.320820209124758726e+00 -3.661931721814979945e-01 1.061144947204292865e+00 1.408420308134698429e+00 1.311117671318867695e+00
-6.523043890566379011e-01 9.734465939324159489e-01 -4.298680110884841588e-01 -6.352397140611850679e-01 -1.904734079963417814e+00 -1.303062891128337286e+00 -4.426128395520460002e-01 -3.330704110416407571e-01 -4.489023457506144954e-01 2.208549212722801525e-01
-2.963330363233864229e-01 9.503014768112237887e-01 -3.499981070908166347e-01 -6.136157491188994895e-01 -7.112909757982860404e-01 -1.664703137358708895e+00 -1.013198687093829764e-01 6.165845339010906506e-02 1.931952463759085969e-02 6.073036283940599356e-01
-8.566986380740048146e-01 -1.450615950593891080e-03 1.027638673096890054e+00 2.122537005918400665e-01 1.333919735220640224e+00 -8.868593475537969173e-01 1.449625983371760185e+00 -5.056017482566725896e-01 -1.990477333433132268e+00 2.383197075390512676e-01
1.008188332633426360e-01 1.028184774206007290e+00 -1.328189177494862427e+00 -1.933743493382380496e-01 1.770018862341041999e+00 1.551034261412334692e+00 -1.491073665532541614e+00 -1.146370294025539360e+00 -1.306994615488497047e+00 -1.223043274310039452e+00
3.134919659772594236e-01 8.002609377881659825e-01 -5.859641921569622713e-01 1.263236658279591973e+00 -3.087832489216116860e-01 1.359282488051440696e+00 1.198123372475694781e+00 3.646221962826588503e-01 1.099318053148453878e+00 1.357079693977494950e+00
-9.358446519503083039e-02 -4.557697539514503071e-01 1.568733382787607988e+00 4.794229518750013630e-02 -2.615954782057009709e+00 6.607419124283424594e-01 -3.156395620012288350e-01 -3.143641871734029203e-01 -5.069987711015832010e-01 6.647731325475755293e-01
-2.219211460475323694e+00 1.127626192850698983e+00 1.494544332909351347e-01 -1.188573665569995663e+00 -6.507109533014301395e-01 -7.412297662847078250e-02 2.606295041927648271e+00 2.443344344308349569e+00 1.523183333074757728e+00 -4.185346436960781791e-01
1.485634566973572657e+00 1.074947449443079739e+00 7.001746410206177718e-01 -5.519128371515439335e-01 -4.799746607638950002e-01 -6.889984263451239821e-01 -6.705694634390507725e-01 3.262678024239515917e-01 8.391332787390097803e-01 3.181030222744460345e-01
4.154971821125219011e-01 -4.560238040182718611e-01 -6.232796145200169002e-01 3.097806234807026424e-02 -1.534942696533175388e+00 3.557011775454655411e-01 3.624997143464641081e+00 -1.073599931475825109e+00 8.101994385683192190e-01 -1.049111153889481229e-01
-6.970982806696363054e-01 7.470308451611150646e-01 -1.324778894966611276e+00 1.371104219182321393e-01 -7.754803981991477135e-01 1.692721582164864014e+00 -8.578667362889602632e-02 -1.619633947502011173e+00 1.680489471430935966e+00 -1.626930223409755349e+00
2.733643402984212489e+00 -4.284998446839928254e-01 2.306334806053631059e+00 3.022972650347517831e+00 -5.744795612071726953e-01 -4.865200225795002775e-01 -1.790391652329475392e+00 -2.304375609376218659e+00 5.532713184619175717e-01 -1.477937628892575239e-01
-3.811836070915833319e-01 6.524848643253433611e-01 1.580582191082152477e+00 -1.251313028085436541e+00 -3.995158772495809307e-01 -2.470701484978084228e-01 6.099756298229499496e-01 -5.145187141024814004e-01 -1.069891394615432256e+00 -1.547923336410859108e+00
-1.165384946512965980e+00 5.291441460641332917e-01 5.302155867904623232e-01 1.502178895387961122e-01 5.742744004156773441e-01 1.000488923644140327e+00 1.059291481926178946e-01 1.472918560306457902e-01 1.365459957462538565e+00 -1.416360683763814077e+00
2.366650012181964247e+00 -1.538033676559451779e+00 7.718728924104903966e-01 -4.547487071941596626e-01 2.658689528940083591e-01 -1.369969931527989793e-01 5.079318334699611803e-01 -7.601122778650398759e-01 1.062043241732813392e+00 -2.974750329604669563e-01
7.205582959666179121e-02 -4.011846220297886623e-01 -8.809322345142592825e-01 -1.876920704977318222e+00 1.981754956493550823e+00 2.842389653923709791e-01 -3.437852446595843214e-01 1.193788494788501131e+00 1.258180479993704859e+00 -9.939367231481233134e-01
1.494886226989038391e+00 -1.131411277302003665e-01 4.254082253823678050e-02 2.259923415238589417e+00 1.406640277413002904e+00 1.264272657365863139e+00 5.006451702638550216e-01 -2.611117868769852191e+00 5.199389045294570133e-01 9.553194624800805113e-02
2.694676970530738291e-01 -9.720923297307118016e-01 -1.175988993235858038e+00 4.208589864336069186e-01 -5.905579834711682796e-01 7.603940149322137021e-01 5.574514741687124353e-01 -8.688392049625347502e-01 -1.167956017694848025e+00 1.255210722006553592e+00
3.031104615320581730e-01 -1.814417418477942912e+00 -4.627714069062544566e-01 -4.933650021688094633e-01 7.063508912685282359e-01 -6.029966157380459713e-01 -6.973795017415591602e-01 -1.151847255364851635e-01 -4.803045156516430048e-01 -7.378997359509471554e-01
-7.761374364058735154e-01 -7.716037800767590049e-01 2.355545703988305428e-01 9.461363754766836109e-01 1.064787836944372845e+00 -6.280319269504941460e-02 9.579204331472117584e-01 5.036019400798171786e-01 6.643338079367884230e-01 1.573047729598658351e-01
-2.429979827592034791e-01 -3.103064415314463198e-01 -1.439911134172367768e-01 4.610720802610384639e-01 8.984677452359475236e-01 -1.351318264958402959e-01 7.106650131998559772e-01 -1.118292901196428879e+00 7.679970244429595860e-01 7.531212854060411604e-03
-3.496721423022113306e-01 -1.843696528122146905e+00 -9.319338706705826425e-01 1.249339146098522813e+00 1.068914472043284158e+00 -1.888359436991404072e+00 -1.424315465869079755e+00 6.176274296946470121e-01 -7.630820054853238998e-01 -1.028053328061828475e+00
-1.399355074081677142e+00 -9.447080977455392103e-01 4.841373790596963933e-01 -1.834552124309574372e+00 -1.300581998475615730e+00 -2.375786112404684181e-01 9.451584630274318943e-01 -5.173420065991513050e-01 -1.111213982273031364e+00 4.026809919798169379e-01
1.208900401761932697e+00 2.416478447185600453e-01 1.034996313747341912e+00 -1.474227996993282330e+00 9.589797813656375514e-01 1.010894052633539042e+00 -9.294077206034385974e-02 -3.949235194335170562e-01 -9.766256945734852479e-01 5.200206437852097352e-01
-2.204083878520024964e+00 6.162826198649298259e-01 -4.325323193360495200e-01 -1.456442831753734346e+00 -5.271424760731346915e-01 -2.420336660826043207e-01 -1.365228242061741648e+00 -1.921951280681161611e+00 -9.929376961969170745e-01 -5.474684436979354585e-01
-4.881993396281341657e-01 -4.532793686356411667e-01 -1.343096115768669829e+00 1.319844381170062753e-01 6.363173292434822770e-01 1.635077215287998875e+00 -4.169860748682844842e-01 5.059414888618546380e-01 -1.084040919347634691e-01 4.571964892978010869e-02
-7.000502858566970410e-01 6.489472255954321644e-01 5.758337106723587784e-01 1.006804276521899438e-01 -8.290146350021732058e-01 3.734742000429353004e-01 1.127733560397469859e+00 -1.398896722819795269e+00 -4.364646090316718907e-01 -1.185120866661014238e+00
-4.252769973205922094e-01 -1.984340867383171947e+00 -4.389693309748838312e-01 -2.000500171948058625e+00 -1.014316520884590012e-01 5.252323142645358711e-01 6.012465048330434270e-01 1.336945064378061154e+00 -2.424066683838266734e+00 -9.542633398957391933e-01
-8.955759583818598824e-01 -3.198765429784181658e-01 -2.943955414167896967e-01 1.303387459325792808e+00 4.869563816782709886e-01 7.858132074175315784e-01 5.233473100492298524e-01 -1.664591658631375468e-02 1.156535163792040466e+00 2.505711552868937209e-01
1.584144555502922103e-01 -3.690699297457771810e-01 -4.995497619593384370e-02 -9.780751355766967303e-02 -9.158716758622170717e-01 -1.816256502633690761e+00 1.072259434462493166e+00 -1.236654072580640973e+00 8.301449506193970818e-01 -1.301543188212600510e+00
6.477326814201114225e-01 -2.697664014866888671e+00 -7.678333910338381862e-01 3.582368685910136685e-01 1.788974298178531708e+00 -8.997689889624744808e-01 1.059080818702629184e-01 9.132105601117378457e-01 -4.080945277669535964e-01 -4.184987652437289207e-01
6.312529983033147996e-02 9.154433417680040153e-01 1.585010172513533211e-01 3.363898577483117464e-02 7.390440784347503955e-01 1.056424631777255652e+00 -1.668702974034641795e-01 5.602547214312457446e-02 -1.591456308291168353e+00 1.563320601299820423e+00
-4.931858334560050294e-01 2.545718672019439133e-01 -1.173232232242275019e+00 1.169530541485618969e+00 -5.658183853977420963e-01 2.596685920143259052e-01 -8.766070169075713681e-01 1.138189446906775620e-01 1.088977389911722771e-01 -8.148053257516796322e-01
4.131012630729154478e-01 1.638961475574115534e+00 1.533105705265664698e+00 -5.631774442297550476e-02 1.582404632781753140e-01 2.612288128385891195e-01 1.196214623089721707e+00 3.974275932003358269e-01 9.854169033819140111e-01 3.709581427007979659e-01
2.144148942013697767e-01 1.759571653839161698e+00 3.361465312345162659e-01 1.114721066247545411e-01 4.976370487489112371e-01 -7.302937470816496246e-01 1.158643267776422014e+00 5.911483963238430839e-01 -9.511101019014257529e-01 -6.700401292681993359e-01
-2.263604740054485365e-01 3.076217912215246097e-01 1.944022572706587959e-01 1.371743323659539993e+00 -2.208153333226179627e-01 6.749109622719957624e-01 7.566783046936848001e-01 -8.670468566258867638e-01 1.887446289557906387e-01 1.657704802492900420e+00
9.421961748433744788e-01 -7.840793402407219004e-01 -1.660476687028966225e+00 -8.443087333428337393e-01 5.089092121638209149e-02 2.529025011325493066e-01 -9.728982964604443451e-01 7.021331316993148497e-02 1.416796144057569817e+00 6.067604722108552728e-01
-2.489968215819197972e-01 2.302897791440977393e+00 1.742126975090609875e+00 -1.588037652125130705e+00 3.413781011637996299e-01 5.268323614219183604e-02 -4.416944235829568521e-01 -6.817708467037194575e-01 -4.237389957333439483e-01 3.186551097858061898e-01
-1.708091469120536443e+00 -8.114321927482897046e-01 7.561125029671837972e-01 7.611181961604879254e-01 -1.405969966837058660e+00 -4.983763760776464546e-01 1.213655104888208047e+00 1.687376774076951413e+00 1.351791251085872614e-01 8.673315189605244058e-01
-1.999788399757193857e-01 -1.653065398531651242e+00 1.040989189235650647e+00 1.273814529126547912e+00 -6.773574146681365926e-01 1.549790641108566458e+00 2.904916064240922746e-01 -1.540717931181375233e+00 8.651358128043642459e-01 -7.867673427173850209e-01
1.536397440202833531e+00 -7.397621352214731605e-01 2.326113436651437716e-01 1.080262007378077982e+00 -1.431793142177222977e+00 8.176182898446242575e-01 -5.063540145835045969e-01 -1.980718155386143320e-01 1.026151916847186651e+00 -1.749290742821525413e+00
6.427781569967760955e-01 1.067395658971606043e+00 1.248216852304152136e+00 5.857325449341329593e-01 2.001364958882769329e+00 2.425777923419487614e+00 1.166121099798385075e+00 -1.636731546736621690e+00 1.263911785374216834e-01 1.400955710969727708e+00
-1.365684980179646679e+00 8.212047100457886550e-01 1.582112886592370593e+00 7.478216603154272946e-01 1.524168926823577797e-01 -6.018049201140542731e-02 -2.019069847235196224e+00 -4.891409513052689118e-01 8.516247988191244511e-02 -1.367183437226026532e+00
1.042649761260420888e-01 -7.310213210174395515e-01 2.751450361486989515e-01 2.357696547461716474e-01 1.497110719610482032e+00 1.560690632764826224e+00 5.794477597871307006e-01 1.854255717512389712e+00 -2.497482665425560189e+00 -4.970375230029749902e-02
-7.917704501132245554e-01 -4.641802696363815373e-01 -3.607019578781948121e-01 -1.173788691387127880e-01 1.331171112311281712e+00 3.797594309756579384e-02 -9.395770225644004547e-01 7.803937340821858193e-01 6.111976870661717243e-01 -8.245341166162213353e-01
1.666838432137788040e+00 8.252194385329651993e-01 -1.951560302023064575e-01 -3.056812578148514481e-01 4.326671861293980847e-01 -4.062105398304743376e-01 -1.692808582290604491e+00 4.145496360118600121e-01 -1.294307945711871577e+00 -7.297330425070909510e-02
1.420256463843459077e-02 -1.300737625222290639e+00 -1.075892788495986130e+00 9.365783752742307122e-01 -9.616766684214174132e-01 -9.870632249325160812e-01 6.358192315606990830e-01 1.382633391632126507e-01 6.722768363646581813e-01 -2.176345091731597847e+00
3.162968126621731546e+00 -1.913989356732715086e+00 2.802331248990320711e-01 -1.050695268133345905e+00 -3.467701892475171799e-01 -6.501986917294689805e-01 1.139726131507110413e-01 -1.041949353520159383e+00 1.219371434591252967e+00 -7.654259846672516465e-01
-9.262884837849489905e-01 1.326933421843549343e+00 8.132873966095190976e-01 8.680251717788713961e-01 -2.342565796484158969e-01 -9.631203229983265057e-02 -2.685904713575389957e-01 -1.017144122656357785e+00 -2.148777892852756999e+00 -4.753731029394940230e-03
5.624432669994877676e-01 2.315365400307836108e+00 -8.861247320709909614e-01 -3.751155113176419253e-01 -8.794700998211609777e-01 -8.875689376323357971e-01 -1.460636035079127204e+00 1.397150303548032824e+00 4.718796489445790110e-01 2.325170900162910892e-01
1.620021923615468928e-01 1.101868306659244290e+00 -5.180552414057422173e-01 -6.661002942948567318e-01 -1.899621279468289570e-01 6.367083806486454334e-01 -2.340917659028192988e-01 1.125235826303175646e+00 1.048194829892536983e+00 1.147535376062396723e-01
-1.224823483919145861e+00 8.823138889365715887e-01 -1.303780386778053746e+00 1.855953587883959199e-01 -6.077922262967659917e-01 -2.274648152380042143e-01 8.142644509459847635e-01 3.865748591095218012e-02 1.742105125171785063e-01 8.507430451293427343e-01
1.623769190697638587e+00 7.656429146159599020e-01 -2.297351039284102892e-01 4.724681827282987967e-02 6.698531920307758680e-01 1.236785624185210652e+00 1.085268128479611294e+00 2.058488351127296390e-01 2.933439479153845397e-01 4.226319516374427848e-02
-9.296195316260020824e-01 1.493229637909921248e+00 4.970483478339258188e-01 -1.081031704052207276e+00 2.065981396764437206e-01 -3.226301540337096485e-01 -3.135314150659475052e-01 -6.381733427984860318e-01 -4.502156608066741894e-01 4.154447979909134392e-01
-3.469628662672730179e-01 -1.041477831344633925e-01 1.121316596508362906e+00 1.984820522330184023e-01 -1.472938119557974268e+00 -1.554285891345775772e+00 2.579165836186192995e-01 2.452278597215593881e-01 6.388618262728726349e-02 -6.389149403874015698e-02
-1.385187368850981038e+00 -3.151717026885612061e-01 1.027232091180304008e-01 -6.695062822507324984e-02 5.119820445560565592e-01 1.204245409933474509e+00 -1.283940251228020468e+00 1.296319154995759115e+00 -1.090114979706053866e+00 1.401010961010442923e-01
1.028000009293998485e+00 4.470665925124288065e-01 1.253404902969983192e+00 -1.806634297470524952e+00 2.442328905954733731e-01 -8.693732577986384991e-01 -1.023078756712669790e+00 -1.381663168631628302e+00 -1.599028090058795259e-01 3.613164852762813517e-01
1.586290860622184162e+00 -6.656500153313396062e-01 -1.721767786467992556e-01 -1.022963550294889057e+00 -2.497857682814147218e+00 -4.138375151433604793e-01 1.090988191015699771e+00 -2.555597168774473849e-01 7.692232374674303763e-01 3.383195464184114987e-01
-1.880499411810807320e-01 -3.733467385024472618e-01 -2.727443915498968807e-01 3.298733650116713045e-01 -1.649111806489630683e-01 7.191443417776050007e-01 6.704892983124897121e-01 1.832008080828139152e-01 2.282726456288945438e-01 1.887094080348066694e+00
-1.652043905537496291e-02 1.493282764574497268e+00 1.319502159153201015e+00 2.570888974067323529e-01 -7.908177512120634356e-01 -9.824154261255294562e-01 3.834413487431616585e-01 6.844313611987951074e-01 8.905485438573458312e-01 -7.099777597947269925e-01
3.662048722386451738e-01 2.022223923121873490e+00 7.192545229412108387e-01 -9.758448414773673862e-01 1.116664984977950165e-01 -3.432189090670923338e-04 1.414529368685956134e+00 -2.367735247907740703e-01 2.093139744047645134e+00 -5.172735901979811368e-01
1.175783458059791009e+00 1.026465193600756054e+00 1.644442231785490316e+00 3.385403190932821937e-01 -1.844258760393737484e+00 1.067241177640533722e+00 -2.532107772132552448e-01 7.071918525432366875e-01 -1.042992202796460655e+00 6.849600770344127509e-01
-1.934525171615769201e+00 -1.555835796824329154e-01 1.088363539755458964e+00 -7.266600743596109135e-02 -4.320254631628932529e-01 -1.054458559171091769e+00 5.613198902069856944e-01 -3.802784599504472340e-01 -7.764244880602184651e-01 5.701982141765656875e-01
2.991649952921052957e+00 -7.133888958006329162e-01 -2.546045926863252928e-01 1.541819416520952446e+00 -2.021767096328376534e-01 -3.251661003014557072e-01 -7.715271329277245682e-02 -6.470713852420909573e-01 1.471411245553221614e-01 -7.436174634702863440e-02
1.191942672120752222e+00 -6.516704290786425879e-01 6.830169482320835872e-02 -6.654179007373504096e-01 -8.056189284567490949e-01 5.587771412980007124e-01 -1.224685967413437382e+00 3.470625435574742901e-01 1.176695279316553489e+00 1.697019862325148898e+00
1.962950230866218559e+00 1.745627381837588643e-01 2.953551455650288426e-01 -7.350502087563607345e-01 -5.187374775434401286e-01 1.492491983377406718e-02 -6.299810666358697242e-01 3.419472264151864338e-01 -6.390759904099918565e-01 -6.465707679269692802e-03
-2.475668407616076649e+00 1.557850138752119973e+00 5.144090140070518569e-01 -7.659207937977573488e-01 -1.150715821055569577e-01 1.943421935074179652e-01 3.126743312421026433e-01 8.265999611151202131e-02 1.168314228582395531e-01 -9.681527811071897194e-01
-1.515092309347364941e+00 -6.216988796354944169e-01 5.797737804270517437e-01 -1.143771213649691192e-02 2.800646954839660641e-01 2.299104024492951981e-01 4.318013810653988371e-01 -3.041257760951992850e+00 2.935335546525140969e-03 8.150565627943164859e-01
8.515938465565399129e-01 -1.968756004338819920e+00 1.405750359447642595e+00 -1.643553128641808692e-01 -4.606899414603597420e-01 -1.381265757337792222e+00 -2.126433176105157585e+00 1.454754525125687148e-01 9.550525875223966343e-01 8.321511049138059779e-02
4.475596374925193133e-01 1.188397281030936004e+00 -2.536963488667750344e+00 -2.826422115357864473e-01 -2.729162959997098459e-01 -5.414720094733364852e-02 1.689960971874767903e+00 1.196665791942433055e+00 8.437342269659046101e-01 6.077859732523184233e-01
-1.294528715008984587e+00 -8.830579146925913170e-01 1.237759035151780429e+00 -2.983638903788755070e-01 -5.883468674762498685e-02 2.032767595562307017e-01 1.150741015506786757e+00 -7.796388734967032441e-01 4.535435712512125295e-01 -5.769959540567957124e-01
5.683171309824397444e-02 -1.093123019525747280e-01 -6.257020581448869967e-01 1.250587765657637185e+00 3.305833015755307858e-02 -3.391368445511667717e-01 7.041464004597859649e-02 2.958812033764254834e-01 1.223850156417619850e+00 -1.061120575911651098e+00
-1.519994410547446995e+00 2.120264708068665627e+00 2.657453675255722625e-01 8.452761442614141474e-02 -4.387047380591287404e-01 2.054125998643671291e+00 -4.650460696797732996e-01 4.531372765441695760e-01 1.611643689491720766e+00 -4.230286596876817184e-01
-9.926571886610610074e-01 -1.012858310828298025e+00 -1.684080859440360900e+00 -3.466286862377745415e-01 -5.146746646376257894e-01 3.830435949906329518e-01 4.756162038260567382e-01 7.866611557998103021e-02 1.206876557667418304e+00 -1.368692737791195491e+00
-2.227461029573672979e-01 1.972633770657560071e+00 7.856002205095282687e-01 2.004636398431434152e+00 -1.489100398203668518e-01 9.122450960259446961e-02 -7.255261258481338592e-03 1.124738418617593938e+00 6.279658499942482319e-02 -1.193389066390099007e+00
-1.211331711815575973e+00 1.547541639522358459e+00 -5.574361645728903580e-01 -1.609794531741003121e-01 3.950004221607397725e-01 -6.863420562557580595e-01 -1.367676655389561402e+00 -1.335082861976031543e+00 -2.407660154650514417e-01 2.133492147458129762e-03
-6.596956077326844303e-01 -4.075347816842826987e-01 -1.036228114650484811e+00 -4.050793557823651470e-01 -8.939937712792196400e-01 1.055249908181196128e+00 1.675146474518472317e+00 2.620480006789885699e-02 -7.226159661415594293e-01 -4.516336303679963082e-01
-6.672035733780689037e-01 -1.704460957979589519e+00 -4.112065347137878746e-01 -1.685722313646446924e-01 3.864677393106574210e-01 -1.671168225935405482e+00 -2.249708808585479947e+00 -1.854794863547767070e-01 -1.980754674572155372e+00 -1.417663597847479640e+00
1.021427281951015509e+00 1.232967052287445714e-01 -1.417829119231103441e+00 1.912106248222312344e+00 1.761018197962668785e-01 -1.364811451836414280e+00 -6.900487910679069525e-01 2.405147186896808564e-01 -1.094137164010906105e+00 2.647404121315587444e-01
5.930823973367460589e-01 1.840848120251304121e-01 -3.820465702340877095e-02 -7.346084776830656971e-01 -9.004934254223472267e-01 5.284491346752003826e-01 1.758090647664138029e+00 -9.704053029557671017e-01 1.431920030869925364e+00 9.725090852794092688e-01
7.066810500188532851e-01 -8.011815112697697749e-01 -9.854115047901361724e-01 -2.234768804408013843e-01 -2.459751781612152577e+00 1.311711588085973546e+00 -6.371221351518850939e-01 2.837833328903257790e+00 -9.927569449749171770e-01 -1.516753364756925904e-01
6.288048541646181766e-01 -4.458238318540446166e-01 -5.952665019561530491e-01 -4.736252666076515849e-01 -1.380999487261373726e-01 -6.358633221564191640e-02 -1.045891602448064395e-01 6.502218247094816439e-01 -9.105639355461769835e-01 1.814845524957818257e-01
-4.264657851587876913e-01 -3.872623342381986689e-02 7.010207774196288710e-01 -8.289234087203800616e-01 -1.946898770192577288e+00 -2.020366424883711876e+00 3.433900065315687034e-01 -5.396559807445083790e-01 1.675661138685104468e-01 -3.703461874657729691e-01
-1.543055245868794723e+00 1.068679680963640521e+00 5.717019367001779928e-02 3.909821065801906137e-01 -1.269449918967409108e+00 2.059835547217087282e+00 7.719059277669507724e-01 2.405928642478761814e-01 -7.994322846968569818e-02 -2.542922652981268183e-01
-3.200390867895366864e-01 1.200926872312099158e+00 1.315121913787932417e+00 8.620850472396922592e-01 -2.882339577273089759e-01 -1.690897321840981737e+00 7.312914309553032455e-01 1.120758060628188835e+00 -1.210475648555388917e+00 8.326111154895121658e-01
2.473751481187390078e-01 -8.761749286558467853e-02 -5.309106070235936059e-01 -6.286009902553673090e-01 1.640865297629857944e-01 6.373541545629441973e-01 7.110473501721881195e-01 5.756466716193339023e-02 -6.589101552924622185e-01 -1.827321215023690881e-01
-9.775651333896429040e-01 1.715498155986094231e+00 4.206608103056001524e-01 -1.625867269010609739e+00 7.067414900045755344e-01 1.183231983866806170e+00 -1.519253042460188885e+00 -1.252259519728471104e-01 -8.290060521151849660e-01 1.841171516923479079e-01
-1.644066943556158344e-01 1.327785851732502242e-01 5.068495445560710078e-01 2.309798898407451617e-01 -1.642964240482692670e-02 1.380805281230718995e+00 1.616047260349742221e+00 -3.045048758338229078e-01 -6.476338315758737307e-01 -1.275617157042275629e+00
-2.405610442157223861e-01 -6.478021826471055400e-01 -9.213749668513577795e-01 5.181834208653554041e-01 -6.914515257762094969e-01 -4.673209353978856062e-01 1.270727494621820108e+00 -1.973328928036120145e+00 -5.442812780126359273e-01 -9.009686796745823845e-01
8.739828271870608845e-01 -7.509325458178714996e-01 1.354395256407622261e+00 4.377378163141602552e-01 1.207743419827498332e+00 -1.614614582243595109e+00 -1.135973363150322574e-01 1.522718164288853648e+00 4.129914640513440149e-01 -1.945224685016172794e-01
-3.884519346205173584e-01 3.111388147233194457e-01 6.544605910298958995e-02 -1.028949813238074551e+00 6.863187322033538484e-03 -1.494914252296758450e+00 2.546308599639627857e-01 2.481124832113178469e-01 -1.205700112874001695e+00 2.337275819793847853e-01
6.498950987347068553e-01 1.718495611329943773e-01 -1.200119552792466848e+00 -2.707955693842645672e+00 -2.304247325364471854e-01 1.248873015905789030e+00 -1.620981268081884030e+00 -1.672106214765407772e+00 1.390814406803584924e-01 -1.668567344759261051e+00
-1.364516436049067138e+00 -7.743963983374285709e-01 -4.381290758540493657e-01 -1.024578934940249875e+00 1.323409167315879653e+00 -8.545514142226443566e-01 -5.178816491177496983e-01 -1.251062796364153185e+00 -6.447286313609530417e-01 1.506811264078055324e+00
7.398262297967028722e-01 8.621943976264163645e-01 -1.257528897270087764e+00 -2.836554205359977932e-01 -1.443480198638302514e-01 -2.145662868382249844e+00 1.304706667936454956e+00 -1.095429234641340753e-02 1.719653719785460444e+00 -3.783747469933342877e-01
-2.367661871000905915e-01 -8.536228244535202236e-01 -3.568056724123208068e-01 4.316570158951293923e-01 1.571814565546989728e+00 -8.315783382450995243e-01 5.882267779794242424e-01 7.582865165143174435e-01 1.068174167483980863e+00 6.926786008473180267e-01
7.440428011086432925e-01 -4.545771108670609295e-01 1.260978547409969064e+00 -1.668656935371037597e-01 3.576351716448605278e-01 3.927096183098880422e-01 -5.057168796629860630e-01 -6.893123869027269202e-02 8.406860765100745425e-01 -1.233830918804240673e+00
7.814963979998552634e-01 -1.634854164153966227e+00 -1.515570598883357434e+00 -5.243719898435228455e-01 7.790096092391624039e-02 -8.653805851737351729e-01 1.434818955650643435e+00 2.093265726421249251e-02 -1.098704538365441463e+00 -1.232868654539531095e+00
-6.313902463356103612e-01 -9.316358444472385703e-01 -7.902427954299517943e-02 -6.513086513121035814e-01 6.487590954841828683e-01 -1.379503866616804020e+00 7.693477250284996849e-02 1.151763391925508251e-01 3.230508656835756054e-01 2.617907107327898331e+00
3.452196488502090599e-02 -7.672648298903621544e-01 -2.252650402290092391e+00 -8.208719393506364037e-01 -8.807082980241843773e-01 -1.406819548413859589e-01 -3.005523616988028945e-01 -1.223023682687710556e-01 -3.904082656666893469e-01 -6.462511872077518760e-01
-3.233174105102434859e-01 -1.055937431945119354e+00 1.211848834822237375e+00 1.276276397811344498e-01 -1.071836619676111435e-01 -4.535904189012287535e-01 1.987647987842645181e+00 1.282216016498223810e-01 -5.095482051642407084e-01 -3.622600463646576396e-01
7.178275082671528029e-01 9.103999466170218380e-01 -7.616078216219625274e-02 -3.049117947109896559e-02 -5.436852423917031274e-01 -1.926759846588976810e-01 -1.833029336571568413e+00 -1.270629057551445618e+00 -1.656157160315473664e+00 2.010082066982258997e+00
8.956421474584786990e-01 -1.650987782073026766e-01 -1.196913423042632152e+00 -1.471922927640233247e+00 -8.694794839147114152e-01 -1.460160061355102901e+00 -1.292629672945504904e+00 1.973932711629755865e-01 1.796966542914848919e+00 1.747761804252726758e+00
9.911267031976640496e-01 -1.478464697860309152e-01 -1.212854853849470310e-02 1.774248091914835609e-02 -1.352764247762639149e+00 -7.621087342467820491e-01 -2.331938602221672596e-02 3.033771274538861751e-01 9.232257213681949182e-01 -4.882294996187308000e-01
3.977047448252089001e-01 9.674887101379047172e-01 -9.401255198268509972e-01 1.014834020579333362e+00 -9.121094967960631239e-01 2.507519741009141545e-01 -8.893104757932580595e-01 2.048639488467824676e-01 9.622326600712074463e-01 -1.024706565009291109e-01
5.333804592092693531e-01 6.455379245242903741e-01 1.052883935204553145e+00 -9.487223597216563054e-01 4.060509833158013060e-01 -1.117450831225959229e+00 -1.915052688044246720e-01 -3.471150940671873242e-01 -1.237879526414394471e+00 3.781462294890615417e-02
-1.731334164073139448e+00 9.775345620845763417e-01 -3.945855480550806149e-01 1.221622406561366780e+00 2.705064149932021045e-01 -2.727227970418228509e+00 -2.933261692047951091e-02 -1.302112085159637944e+00 -5.994153185789981020e-01 -8.342892421705427886e-01
-9.304132469015486961e-01 -1.696211133747112632e+00 5.226124087495048753e-01 -9.771254487788609833e-01 -1.529373811151904183e+00 -8.974641970215671005e-01 -4.841548276111650728e-01 9.462284298866675547e-01 1.414686635132185399e+00 4.895867358779300016e-01
