-9.224537626039582827e-01 8.880975903856693776e-01 -1.575189141776500268e+00 8.132085301790175080e-01 1.470779703579695896e+00 -1.029186424898964169e+00 -1.286669344439594243e+00 7.714883339752048874e-02
-1.061468554049606716e+00 1.970801907454885482e+00 -1.443243899117040707e-01 1.102995570466531516e+00 7.385075737673064966e-02 1.442194783096321931e-01 -5.957189191276303086e-01 1.190146952867050079e+00
-1.127999853475474268e+00 -1.311243380307874018e+00 -1.399602242335123981e-01 -4.500950943658949543e-01 9.738944390190978906e-02 -1.361460235902556049e+00 1.177108355354418379e+00 -7.625288404065037051e-01
-1.009826741233499581e+00 1.368341201273146845e+00 -1.151952625173229050e+00 -3.788036083233302098e-01 1.222418557080717338e+00 6.274543272006651851e-01 2.163069637347969199e+00 -2.112028961716990449e-01
-9.493862122764278322e-01 9.606360921059181601e-01 -6.043717844786014037e-01 5.900246267486233265e-01 -6.389621172255603998e-01 -6.517980349500068771e-01 -9.786175084902484778e-02 1.310520097281512975e+00
1.201295189223428705e+00 -7.120241793395995500e-02 -1.008471680765246292e+00 -1.059418640460209077e-03 -4.097853861993167035e-01 -3.085317177725097060e-01 -1.780006999715317839e-01 -1.124615952037093969e+00
8.028996979251977750e-01 3.361177490901208764e-01 1.303182581920918626e+00 -2.005476611676811238e+00 1.404341205518411462e+00 9.201888303608622977e-01 -9.542333810382518378e-01 4.076395052366020288e-01
6.528767725957728141e-01 -1.735251906380778086e+00 3.361832932744125979e-01 -4.412953478017480058e-01 -2.471218209798121679e-01 2.092434447016870092e+00 8.537254213733631580e-01 -5.004731648721371107e-01
3.234856914348979706e-01 -7.466405272817179251e-01 2.126039036953173700e-01 -4.814894529961604719e-01 6.005590294294592679e-01 -4.411714202948056052e-01 1.932712972737796076e+00 9.337794499463243358e-01
-2.851772374633021467e-01 1.211646702760618810e+00 7.612554877511746865e-01 5.923085370499930891e-01 -1.272425295024798064e+00 -1.385757220390463562e+00 -9.175608801875848042e-02 6.744677727254290434e-02
6.966828070518278349e-01 -9.622474316543422335e-01 -8.500160152260947122e-01 5.825845906500951576e-01 -1.577036725756691293e+00 -1.946719502887262587e+00 -8.403827956928370257e-01 -1.765677053639798544e+00
9.857319059824269647e-02 -6.766065636403041372e-01 5.119003394701265863e-02 3.822195648089860565e-01 1.167942706298098210e-01 4.417433410700802310e-01 4.501832922751076715e-01 -5.042101411434674052e-01
7.087661360057161131e-02 5.460064620553466419e-01 -1.421197259515411329e-02 9.825578271925374807e-01 -3.343640886080824215e-01 2.805033763592237883e-01 -7.189842283175456039e-01 1.041044714860085429e+00
-2.288078772119825466e+00 -7.153087739566736936e-01 -4.167781817934890776e-01 5.785363082613456109e-01 1.359552600312100568e+00 1.461455509305327638e+00 -2.511288005693923076e+00 2.382369399672716881e+00
1.899293091888167417e+00 3.690565063710514737e-01 -1.689474164912131648e+00 -3.493162707186219795e-01 9.383417551139372481e-01 -2.463595501111327302e+00 5.384849760088100679e-01 -1.381397544109090880e-01
6.476925104631511831e-02 3.001819146249683712e+00 -6.749797646019335406e-01 -2.253029923739551799e-01 9.293253717477808484e-01 -3.195756993960505721e-01 -1.101567186672545828e+00 6.740195699671416296e-01
