-1.636575071476384258e+00 -1.361801486664603322e+00 -1.211596079055589970e+00 -1.550555911673436871e-01 -8.848582518489316318e-01 1.130341285968967657e+00 2.454263372415591005e-01 -1.373944952124824148e+00
7.968679524130001246e-01 5.425189788112412259e-01 2.071030539255094283e-01 -2.015757330176756401e+00 -1.326801118443847960e+00 8.067532760176272522e-01 -7.882054645198373066e-01 -4.626571802584966697e-01
1.426817705227119815e+00 -5.620295734319270542e-01 -1.358037361830349621e+00 1.628549267710772464e+00 2.705777281861574957e-01 -2.058947984376310547e+00 -1.571723713590843063e+00 -4.630588036158225784e-01
4.335322007735716854e-01 7.930370141389521121e-01 1.208459742525333169e+00 8.698803428266237425e-01 -1.467563544786699259e+00 2.026059751483307025e-02 -1.094374760166138882e+00 5.705933695165026770e-02
9.135322768830612672e-01 -1.066122064916058765e+00 -7.491514726066295093e-01 -1.536673547124522088e+00 2.475011859688442062e+00 -4.968468620403034275e-01 2.118283738309259256e-01 -8.240794892316499753e-01
5.167664353539302979e-02 7.994897297635594757e-01 -8.693584404173122504e-01 4.209299679171828179e-02 8.628542065918349824e-01 -6.343550689489527716e-01 -2.851751825851375211e-01 -1.302452911163891391e+00
-1.036256265853327703e-02 1.523697879837985214e-01 -5.832061510149399997e-01 -1.475096146284561871e-01 -8.599265015335443296e-01 3.372890823977298114e-01 -3.935267383191067836e-01 4.799004258544307677e-01
-1.450991406640018466e+00 -6.787391907689762638e-01 5.702571409405360336e-01 4.314691514994195565e-01 1.449316582710395152e-01 4.707610095863712374e-01 4.623396240287424019e-01 1.492957822873239637e+00
5.453648664643223620e-01 8.777588889360767033e-02 -1.140479183569388821e+00 1.299684090927686997e+00 8.933231123719826972e-01 -1.144569263015904337e+00 -7.424175885536903330e-01 9.732219770352870114e-01
-1.485473448241566352e+00 -6.400423827486901862e-01 -1.057546172718417221e+00 -3.023405583414023878e-01 -1.203145528020249211e+00 -8.844047954756965035e-01 6.838064165319983345e-02 7.296698914733681374e-01
-1.521708362322669261e+00 2.122291427918967244e-01 -1.785518540555436573e+00 9.842076701389851356e-01 7.217582153483425023e-01 1.405328052465647959e+00 -9.667291073861067341e-01 2.482383978320260365e+00
-1.344475188545879440e-01 1.206137286491167249e+00 6.382377497726567928e-01 -9.716081051944545077e-01 -4.599616570018886241e-01 -3.972099263931146984e-01 -2.849774355413451851e-02 1.599448306025059496e+00
1.058841735949420215e+00 1.750492040055376120e-01 7.457193060870868084e-01 -5.273775910424034485e-01 9.248269666862626304e-01 -8.442922284937041111e-01 4.156050172672856036e-01 5.102637235013008921e-01
-7.484305807338551553e-01 1.195333491753908017e+00 -8.020599022270867573e-02 3.358160750533925043e-01 1.251241968312146069e+00 2.861913978281496185e-01 -6.147448629709042489e-01 -1.447294013389469169e+00
-8.048622793899103955e-01 7.159345528049847474e-01 -6.024494133289410858e-01 -2.150352524407926236e+00 -1.290989534713223419e+00 5.670402269264542827e-01 -7.882395762539626816e-01 4.522276995258763255e-01
2.035187603676151813e-01 3.702424581967427852e-01 -1.000540533241659480e+00 8.758908308608737148e-01 -1.108564508736251120e-01 -1.355708742521353871e+00 1.076201693367579759e+00 1.803620020326104911e-02
